0.0 0.00015183437500000002 0.0002366557939914163 1.83425e-05 3.587896995708155e-05
0.0 0.000152853125 0.000280543347639485 2.0380625e-05 3.780085836909871e-05
0.0 0.000189198125 0.00027958283261802575 1.9701250000000004e-05 3.8441201716738196e-05
0.0 0.00020991875 0.0003660763948497854 1.83425e-05 3.587896995708155e-05
0.0 0.00014555000000000001 0.0004996609442060086 1.936125e-05 3.780085836909871e-05
0.0 0.00011939562500000003 0.0005019030042918455 1.7323125000000002e-05 3.3315879828326184e-05
0.0 0.000271739375 0.00044103776824034333 2.5135625000000002e-05 4.4848927038626604e-05
0.0 0.00032218062500000003 0.0004403965665236051 2.479625e-05 4.4848927038626604e-05
0.0 0.00028498625 0.0006338858369098713 1.9021875e-05 3.587896995708155e-05
0.0 0.000386209375 0.0005377819742489271 2.0380625e-05 3.7160515021459226e-05
0.0 0.00040472125 0.0005755828326180258 1.664375e-05 3.459742489270386e-05
0.0 0.00046603249999999997 0.0006316437768240343 2.0380625e-05 3.780085836909871e-05
0.0 0.00048148749999999996 0.00031578197424892703 1.7323125000000002e-05 3.651931330472103e-05
0.0 0.0004631456250000001 0.00027894163090128754 1.936125e-05 3.972274678111588e-05
0.0 0.00042595124999999996 0.00028086437768240345 1.9701250000000004e-05 3.587896995708155e-05
0.0 0.00042561125 0.00024050042918454935 1.7663125000000002e-05 3.459742489270386e-05
