0.0 0.00015472125 0.0002235068610634648 1.80025e-05 3.517753001715266e-05
0.0 0.00015608 0.000267319039451115 1.936125e-05 3.709691252144083e-05
0.0 0.000192765 0.0002660394511149228 2.0040625000000004e-05 3.837564322469983e-05
0.0 0.000213655 0.000353983704974271 1.698375e-05 3.389879931389366e-05
0.0 0.00012313187499999998 0.0004902178387650087 1.7323125000000002e-05 3.2619210977701544e-05
0.0 0.00014877687500000001 0.0004866998284734134 1.83425e-05 3.5817324185248713e-05
0.0 0.000275135625 0.0004259382504288165 2.5135625000000002e-05 4.349228130360206e-05
0.0 0.0003257475 0.00042625814751286455 2.4456249999999998e-05 4.1573756432247e-05
0.0 0.00028855312500000003 0.0006187761578044597 1.936125e-05 3.517753001715266e-05
0.0 0.00038943625000000003 0.0005241157804459692 2.0040625000000004e-05 3.901543739279588e-05
0.0 0.0004091375 0.0005621723842195541 1.7323125000000002e-05 3.32590051457976e-05
0.0 0.000470448125 0.0006181363636363637 2.1059999999999998e-05 4.029416809605489e-05
0.0 0.00048522437500000005 0.00030121698113207547 1.936125e-05 3.5817324185248713e-05
0.0 0.00046620250000000004 0.0002663593481989708 1.80025e-05 3.901543739279588e-05
0.0 0.0004298575000000001 0.00026763893653516295 2.072e-05 3.773584905660377e-05
0.0 0.000429008125 0.00022606518010291594 1.9021875e-05 3.6457118353344764e-05
