0.0 0.00019951812499999997 0.0002270528559249787 8.981250000000001e-06 1.697612958226769e-05
0.0 0.00020008812500000003 0.00024933418584825235 9.551875e-06 1.697612958226769e-05
0.0 0.000184335 0.0003470784313725491 8.553750000000001e-06 1.4057971014492756e-05
0.0 0.00019680937499999998 0.00034601705029838027 9.266875e-06 1.8832907075873826e-05
0.0 0.00021812249999999996 0.0002490682011935209 9.979375e-06 1.8036658141517475e-05
0.0 0.00022795937499999998 0.0002826223358908781 7.983750000000001e-06 1.7241261722080138e-05
0.0 0.00025732749999999997 0.00031750298380221656 1.2260625e-05 2.0689684569479965e-05
0.0 0.00028170625000000003 0.0003188286445012788 1.1405e-05 1.9628303495311167e-05
0.0 0.00026017875 0.0004080852514919011 8.553750000000001e-06 1.7771526001705032e-05
0.0 0.00031242875 0.0003641867007672634 1.0121875000000002e-05 1.7506393861892585e-05
0.0 0.00032205187500000004 0.00038235635123614665 8.83875e-06 1.617988064791134e-05
0.0 0.00037800812500000003 0.0004078201193520887 8.41125e-06 1.6710997442455244e-05
0.0 0.00036047250000000004 0.000297078431372549 7.84125e-06 1.5384484228474e-05
0.0 0.00035106375 0.0002798371696504689 1.0121875000000002e-05 1.8036658141517475e-05
0.0 0.00033253 0.0002570264279624894 8.981250000000001e-06 1.6445012787723787e-05
0.0 0.00033324312500000004 0.00027917476555839725 9.551875e-06 1.7771526001705032e-05
