0.0 0.00026110060189165946 0.00029422391559202817 3.24926913155632e-05 4.902227432590856e-05
0.0 0.00020741616509028374 0.0003773856975381008 3.155116079105761e-05 5.0772567409144194e-05
0.0 0.00031266552020636285 0.00042903399765533416 2.6371453138435082e-05 5.0772567409144194e-05
0.0 0.0003395073086844368 0.0002110609613130129 2.4487532244196048e-05 4.0268464243845245e-05
0.0 0.00047795614789337916 0.0005511512309495897 3.673086844368014e-05 7.090621336459555e-05
0.0 0.0002554488392089424 0.0006741430246189918 2.9667239896818575e-05 5.252403282532239e-05
0.0 0.00031078159931212384 0.0006737057444314186 3.202235597592433e-05 4.464478311840563e-05
0.0 0.00040967325881341356 0.0007975732708089097 2.6371453138435082e-05 5.252403282532239e-05
0.0 0.0006185236457437661 0.00032354865181711607 2.4016337059329322e-05 4.9896834701055106e-05
0.0 0.0006204067067927773 0.00037913599062133643 2.6841788478073945e-05 5.252403282532239e-05
0.0 0.0006719716251074807 0.00043910082063305987 2.731298366294067e-05 5.690035169988277e-05
0.0 0.000710116079105761 0.00042903399765533416 2.731298366294067e-05 5.427432590855803e-05
0.0 0.000680213241616509 0.0008531606096131301 2.6841788478073945e-05 5.339859320046893e-05
