0.0 0.00045061583577712613 0.00016918456725755995 5.588416422287391e-05 3.218769551616267e-05
0.0 0.0005445307917888563 0.0001409217935349322 5.4331378299120225e-05 2.4337851929092803e-05
0.0 0.0007568108504398827 0.0001695766423357664 5.976392961876833e-05 3.297288842544317e-05
0.0 0.0006698812316715543 0.00028792700729927 3.0269794721407627e-05 1.7664233576642334e-05
0.0 0.0007017038123167155 0.00028812408759124085 3.182258064516129e-05 1.88415015641293e-05
0.0 0.000769617302052786 0.0003393503649635036 5.898826979472141e-05 3.1010427528675706e-05
0.0 0.0008965190615835778 0.000316778936392075 5.510703812316715e-05 2.4337851929092803e-05
0.0 0.00037183577712609974 0.00029931074035453593 7.99442815249267e-05 4.121689259645464e-05
0.0 0.0006233108504398827 0.00042767153284671534 4.889882697947214e-05 2.94400417101147e-05
0.0 0.0006830747800586511 0.00046064442127215845 6.597360703812318e-05 3.4151199165797704e-05
0.0 0.0009423137829912022 0.0001309113660062565 5.976392961876833e-05 3.02252346193952e-05
