0.0 0.0004467923976608187 0.00017012513034410842 5.343567251461988e-05 3.0114702815432737e-05
0.0 0.0005311359649122807 0.00014134306569343064 5.029239766081871e-05 2.5318039624608964e-05
0.0 0.000601859649122807 0.00013947758081334723 6.076900584795321e-05 3.064754953076121e-05
0.0 0.0008918230994152046 0.00019051303441084463 4.976754385964912e-05 2.4518248175182476e-05
0.0 0.0007535204678362572 0.00022302606882168924 5.815058479532163e-05 2.9314911366006253e-05
0.0 0.0006668201754385964 0.000288851929092805 3.143274853801169e-05 1.652346193952033e-05
0.0 0.0006985146198830409 0.00028898540145985403 3.195614035087719e-05 1.7322210636079245e-05
0.0 0.00036873391812865497 0.00029991240875912404 7.753362573099414e-05 3.810948905109489e-05
0.0 0.0009384488304093567 0.00013201459854014595 5.605409356725146e-05 2.958185610010427e-05
0.0 0.00037973538011695904 0.0005705464025026069 9.639327485380117e-05 4.850364963503649e-05
0.0 0.0005112280701754386 0.0005397653806047966 3.771929824561403e-05 2.318561001042753e-05
0.0 0.000549733918128655 0.0005401647549530761 4.033771929824562e-05 2.3985401459854016e-05
0.0 0.0008876330409356726 0.0006674202294056307 5.291081871345029e-05 2.744942648592284e-05
0.0 0.0007302090643274853 0.0006991345151199166 6.076900584795321e-05 3.224713242961418e-05
0.0 0.0008844897660818711 0.0007292492179353493 5.500730994152047e-05 2.744942648592284e-05
