0.0 1.4603768278965127e-05 0.00014364057579847054 1.0544150731158604e-05 2.866756635177688e-05
0.0 2.0402980877390326e-05 0.00017112775528565003 1.0280652418447693e-05 2.360863697705803e-05
0.0 3.002474690663667e-05 0.0001446522717049033 1.0280652418447693e-05 2.7992802519118304e-05
0.0 6.0866704161979746e-05 0.00014768780926675663 1.1598706411698535e-05 2.731848852901484e-05
0.0 2.0534870641169853e-05 0.00022694466936572198 1.0280652418447693e-05 2.529464687359424e-05
0.0 8.505258717660292e-05 0.00030653891138101663 7.776434195725535e-06 2.0573099415204677e-05
0.0 9.289482564679415e-05 0.0003067076023391813 8.171822272215973e-06 2.1584795321637428e-05
0.0 0.00015530343082114737 9.52433648223122e-05 9.885264341957255e-06 2.4282950967161492e-05
0.0 0.00017948931383577054 0.00013925641025641023 1.107142857142857e-05 2.731848852901484e-05
0.0 0.00018818841394825645 0.00022981151596941068 1.107142857142857e-05 2.765542060278902e-05
0.0 0.00017599662542182223 0.00027365587044534415 1.0148762654668166e-05 2.5632028789923524e-05
0.0 0.00022996991001124857 0.00020080701754385965 1.0017154105736783e-05 2.6981106612685556e-05
