0.0 0.00020499871740059855 4.1209126624357814e-05 1.2928601966652415e-05 6.385614989422786e-06
0.0 0.00021948781530568623 4.109791477787852e-05 1.3374519025224454e-05 6.459957691145361e-06
0.0 0.0002938648995297136 4.1171955273496525e-05 1.2631466438648995e-05 6.608340888485948e-06
0.0 0.00024155579307396326 0.00015254820187367784 1.3523300555793075e-05 7.05379268661227e-06
0.0 0.0002548559213339034 0.00015239981867633728 1.2482684908080376e-05 6.756724085826534e-06
0.0 0.00019355622060709707 0.0001520287095799335 1.2334330910645577e-05 6.311272287700212e-06
0.0 0.0001256434373663959 0.00013669567845270473 1.2631466438648995e-05 6.236929585977637e-06
0.0 0.00012081402308678925 0.0001596022967663947 1.1888413852073537e-05 6.1628890903596255e-06
0.0 0.00012088841385207355 0.00016661891810214568 1.1442496793501498e-05 5.9401631912964635e-06
0.0 0.00012081402308678925 0.00017326443034149287 1.1294142796066696e-05 5.420368691447568e-06
0.0 0.00014525951261222747 0.00017508340888485946 1.2334330910645577e-05 5.346025989724993e-06
0.0 0.00015558743052586577 0.00019153006950740407 1.3077383497221037e-05 5.865820489573889e-06
0.0 0.00016732749038050448 0.00020422695678452705 1.1294142796066696e-05 5.420368691447568e-06
0.0 0.0002376921761436511 0.0001591565427621638 9.362120564343739e-06 4.52916288909036e-06
0.0 0.00023791492090637027 0.00016357449380477484 9.808037622915778e-06 4.306436990027199e-06
0.0 0.0002790786660966225 0.0001929407676035056 1.3374519025224454e-05 6.756724085826534e-06
0.0 0.00029223001282599405 0.0001796500453309157 1.2334330910645577e-05 6.459957691145361e-06
0.0 0.0002920816588285592 0.00017259595043819884 1.2334330910645577e-05 6.459957691145361e-06
0.0 0.00012155707567336471 0.00021402810516772441 1.1294142796066696e-05 6.014203686914475e-06
0.0 0.0001472654980761009 0.00021410214566334242 1.2482684908080376e-05 6.1628890903596255e-06
