0 0.247554 0.260609 0.028804 0.041017
0 0.249728 0.311694 0.030978 0.043255
0 0.308424 0.310202 0.032065 0.044746
0 0.341848 0.412745 0.027174 0.039526
0 0.197011 0.571594 0.027717 0.038034
0 0.238043 0.567492 0.029348 0.041763
0 0.440217 0.496644 0.040217 0.050712
0 0.521196 0.497017 0.039130 0.048475
0 0.461685 0.721493 0.030978 0.041017
0 0.623098 0.611119 0.032065 0.045492
0 0.654620 0.655493 0.027717 0.038780
0 0.752717 0.720747 0.033696 0.046983
0 0.776359 0.351219 0.030978 0.041763
0 0.745924 0.310575 0.028804 0.045492
0 0.687772 0.312067 0.033152 0.044000
0 0.686413 0.263592 0.030435 0.042509
