0 0.319229 0.266333 0.014370 0.019913
0 0.320141 0.292469 0.015283 0.019913
0 0.294936 0.407123 0.013686 0.016490
0 0.314895 0.405878 0.014827 0.022091
0 0.348996 0.292157 0.015967 0.021157
0 0.364735 0.331516 0.012774 0.020224
0 0.411724 0.372431 0.019617 0.024269
0 0.450730 0.373986 0.018248 0.023024
0 0.416286 0.478684 0.013686 0.020846
0 0.499886 0.427191 0.016195 0.020535
0 0.515283 0.448504 0.014142 0.018979
0 0.604813 0.478373 0.013458 0.019602
0 0.576756 0.348473 0.012546 0.018046
0 0.561702 0.328249 0.016195 0.021157
0 0.532048 0.301492 0.014370 0.019290
0 0.533189 0.327472 0.015283 0.020846
