0 0.242935 0.275704 0.029348 0.041799
0 0.244565 0.326833 0.032609 0.044038
0 0.302717 0.325714 0.031522 0.044784
0 0.335870 0.426479 0.029348 0.041799
0 0.232880 0.582105 0.030978 0.044038
0 0.191033 0.584717 0.027717 0.038813
0 0.434783 0.513809 0.040217 0.052249
0 0.515489 0.513062 0.039674 0.052249
0 0.455978 0.738477 0.030435 0.041799
0 0.617935 0.626516 0.032609 0.043292
0 0.647554 0.670554 0.026630 0.040306
0 0.745652 0.735865 0.032609 0.044038
0 0.770380 0.367886 0.027717 0.042545
0 0.741033 0.324967 0.030978 0.046277
0 0.681522 0.327207 0.031522 0.041799
0 0.680978 0.280183 0.028261 0.040306
