0 0.305606 0.163150 0.036550 0.028880
0 0.363297 0.135548 0.034400 0.024280
0 0.411672 0.133759 0.041566 0.029391
0 0.610007 0.182702 0.034041 0.023513
0 0.515408 0.213882 0.039775 0.028113
0 0.456105 0.277009 0.021500 0.015846
0 0.477784 0.277137 0.021858 0.016612
0 0.252214 0.287616 0.053033 0.036547
0 0.641899 0.126602 0.038341 0.028369
0 0.259739 0.547154 0.065933 0.046515
0 0.349680 0.517635 0.025800 0.022235
0 0.376018 0.518018 0.027591 0.023002
0 0.607141 0.640056 0.036191 0.026324
0 0.499463 0.670470 0.041566 0.030925
0 0.604991 0.699350 0.037625 0.026324
