0 0.309856 0.161556 0.039333 0.030229
0 0.369729 0.134131 0.037585 0.025243
0 0.416929 0.131794 0.041955 0.028671
0 0.646589 0.124314 0.040644 0.029918
0 0.616653 0.181033 0.035837 0.023062
0 0.520506 0.213288 0.037585 0.030229
0 0.462380 0.275617 0.020978 0.016517
0 0.483358 0.276240 0.021852 0.019634
0 0.256319 0.286680 0.052881 0.038644
0 0.353122 0.516829 0.027096 0.023373
0 0.380655 0.516517 0.028844 0.023997
0 0.263312 0.548305 0.064244 0.046435
0 0.612938 0.641018 0.038022 0.028048
0 0.504991 0.671092 0.041518 0.030853
0 0.611627 0.699296 0.039770 0.028048
0 0.691604 0.732641 0.038896 0.032411
