0 0.479492 0.136361 0.030240 0.021130
0 0.513382 0.135993 0.031283 0.021376
0 0.687350 0.136238 0.029545 0.021867
0 0.564999 0.504782 0.031631 0.023341
0 0.596108 0.504291 0.029197 0.022358
0 0.452728 0.503063 0.028850 0.020884
0 0.293880 0.452326 0.029545 0.020638
0 0.282584 0.528124 0.027807 0.020393
0 0.282758 0.551342 0.026764 0.019656
0 0.282584 0.573332 0.026417 0.017936
0 0.339762 0.579351 0.028850 0.017690
0 0.363919 0.633773 0.030588 0.019410
0 0.391379 0.675787 0.026417 0.017936
0 0.555962 0.526649 0.021898 0.014987
0 0.556483 0.541268 0.022941 0.014250
0 0.652765 0.638441 0.031283 0.022358
0 0.683526 0.594462 0.028850 0.021376
0 0.683179 0.571120 0.028850 0.021376
0 0.284322 0.708219 0.026417 0.019901
0 0.344454 0.708464 0.029197 0.020393
