0.0 0.0006767158948685857 0.00012580879120879123 6.871714643304131e-05 1.2174725274725276e-05
0.0 0.00039949937421777216 0.00012564505494505493 4.5242803504380474e-05 1.2503296703296704e-05
0.0 0.00021298122653316647 0.00026120989010989013 1.6219023779724658e-05 5.2646153846153845e-05
0.0 0.0007245193992490614 0.0003536703296703297 1.579224030037547e-05 5.1330769230769236e-05
0.0 0.0006553754693366709 0.000504701098901099 1.664580725907384e-05 5.198901098901099e-05
0.0 0.00021234042553191487 0.0003523549450549451 1.4085106382978723e-05 3.487802197802198e-05
0.0 0.00021298122653316647 0.0004308307692307693 1.451188986232791e-05 3.5865934065934066e-05
0.0 0.00021319399249061324 0.0005321758241758242 1.4085106382978723e-05 5.2317582417582424e-05
0.0 0.0002475531914893617 0.00069209010989011 4.3535669586983735e-05 9.541758241758242e-06
0.0 0.0006208035043804756 0.000693735164835165 4.566958698372967e-05 1.2832967032967033e-05
0.0 0.0007253729662077597 0.00019573076923076922 1.835294117647059e-05 3.685274725274726e-05
