0.0 0.5074560000000001 0.188767 0.035965000000000004 0.015498000000000001
0.0 0.36578900000000003 0.188147 0.024561000000000003 0.013017999999999998
0.0 0.318202 0.188147 0.025877 0.014258000000000002
0.0 0.182895 0.204575 0.025439 0.014878000000000002
0.0 0.16359600000000002 0.23805100000000007 0.008772 0.049594000000000006
0.0 0.16381600000000002 0.43146699999999993 0.010965 0.053313
0.0 0.329605 0.5858290000000002 0.025 0.013638
0.0 0.3796050000000001 0.585519 0.025 0.014258000000000002
0.0 0.19996 0.585141 0.026125 0.014771000000000001
0.0 0.486153 0.56918 0.020958 0.015869
