0.0 0.633041 0.204019 0.018351 0.05032099999999999
0.0 0.632181 0.446019 0.015483000000000002 0.05032099999999999
0.0 0.631894 0.564732 0.014910000000000001 0.049864000000000006
0.0 0.5453029999999999 0.678641 0.044729000000000005 0.013266999999999998
0.0 0.155068 0.678412 0.039568000000000006 0.011893999999999998
0.0 0.122667 0.577998 0.016057 0.050779
0.0 0.122667 0.472323 0.016057 0.037055
0.0 0.122667 0.39524 0.014910000000000001 0.036597000000000005
0.0 0.122667 0.24358999999999997 0.017204 0.051694
0.0 0.350615 0.20379 0.045303 0.013266999999999998
