0.0 0.399544 0.128189 0.034124 0.011865000000000002
0.0 0.278193 0.128575 0.037409000000000005 0.011607
0.0 0.327233 0.343927 0.009305000000000003 0.04515600000000001
0.0 0.23107900000000003 0.12823 0.025433999999999995 0.010083
0.0 0.164392 0.127572 0.021712 0.010522
0.0 0.073231 0.210497 0.009571 0.049601
0.0 0.07439100000000001 0.36668 0.007831 0.046322
0.0 0.092952 0.5154829999999999 0.024652 0.010248
0.0 0.226798 0.5152780000000001 0.024362000000000005 0.010658
0.0 0.270882 0.516303 0.020882 0.013528000000000002
