0.0 0.00050127375 0.00023363250883392224 4.493e-05 2.009540636042403e-05
0.0 0.00034837750000000004 0.00023396643109540634 4.426e-05 2.34452296819788e-05
0.0 0.00028668125 0.0002322932862190813 3.08475e-05 2.009540636042403e-05
0.0 0.0002067125 0.0002329628975265018 2.715875e-05 2.143462897526502e-05
0.0 0.0004363937500000001 0.0009165494699646642 3.453625000000001e-05 2.0765017667844525e-05
0.0 0.00035659250000000004 0.0009185600706713779 4.392375e-05 2.34452296819788e-05
0.0 0.000287185 0.0009165494699646642 3.185375e-05 1.8086572438162545e-05
0.0 0.0005220075000000001 0.0006159505300353357 1.036125e-05 8.61113074204947e-05
0.0 9.34075e-05 0.0003811113074204947 1.027625e-05 8.843462897526502e-05
0.0 9.393500000000001e-05 0.0006527314487632509 1.238375e-05 7.790636042402828e-05
