0.0 0.000718081863979849 0.0003897558528428094 2.3420654911838793e-05 5.9222965440356745e-05
0.0 0.0007202115869017632 0.0005015273132664437 2.1290931989924432e-05 5.588628762541807e-05
0.0 0.000718081863979849 0.0007038015607580825 1.9162468513853904e-05 5.672017837235229e-05
0.0 0.0006888060453400503 0.000760938684503902 4.364735516372796e-05 1.7516164994425867e-05
0.0 0.00048653904282115865 0.0007601047937569678 4.790554156171285e-05 1.7516164994425867e-05
0.0 0.00023317254408060454 0.000760938684503902 5.003400503778338e-05 1.5848383500557413e-05
0.0 0.0001677015113350126 0.0005878595317725752 2.1290931989924432e-05 5.171571906354515e-05
0.0 0.00016716876574307304 0.0005015273132664437 2.022670025188917e-05 3.9204013377926424e-05
0.0 0.00016801385390428211 0.0004384425863991082 1.7690176322418138e-05 3.880936454849499e-05
0.0 0.0003820629722921915 0.0002582541806020067 6.604282115869017e-05 1.6633221850613155e-05
