0.0 0.49429999999999996 0.17856800000000003 0.05465899999999999 0.011351000000000002
0.0 0.576503 0.34694600000000003 0.01162 0.04767600000000001
0.0 0.576288 0.44683800000000007 0.013772000000000001 0.04843200000000001
0.0 0.308803 0.22832500000000003 0.05552 0.012486000000000002
0.0 0.137509 0.388757 0.013342000000000001 0.032919
0.0 0.137293 0.44343200000000005 0.011190000000000002 0.031784
0.0 0.391007 0.6768920000000002 0.038304 0.009838
0.0 0.551326 0.677081 0.037013 0.010216
0.0 0.19152200000000003 0.6768920000000002 0.036153 0.010595
0.0 0.139015 0.524595 0.011190000000000002 0.049568
