0.0 0.0004039225 0.0003324469964664311 4.5435e-05 2.582862190812721e-05
0.0 0.0006357125 0.0003324469964664311 4.1371250000000005e-05 2.582862190812721e-05
0.0 0.0006266625000000001 0.0007914505300353357 9.973750000000001e-06 8.191166077738516e-05
0.0 0.0006069000000000001 0.0009833180212014134 2.7335000000000002e-05 1.9924028268551238e-05
0.0 0.00047503 0.0010357120141342756 2.955125e-05 2.2876325088339223e-05
0.0 0.000411495 0.0010360812720848058 2.955125e-05 2.2137809187279152e-05
0.0 0.00024878125000000003 0.0010334982332155479 2.918125e-05 1.9924028268551238e-05
0.0 0.00020427000000000002 0.0007623021201413427 1.0342500000000001e-05 8.560247349823321e-05
0.0 0.00020427000000000002 0.00041804770318021203 1.108125e-05 7.453356890459365e-05
0.0 0.000291815 0.0003726643109540636 3.102875e-05 2.2137809187279152e-05
