0.0 0.0007399236545682103 0.00016704716981132077 4.7356695869837297e-05 1.4014150943396228e-05
0.0 0.0008039774718397996 0.0003206615566037737 1.3963704630788484e-05 5.929009433962265e-05
0.0 0.0008048873591989988 0.00041471698113207546 1.8214017521902378e-05 4.150353773584905e-05
0.0 0.0008042803504380474 0.0005594386792452831 1.7e-05 4.2042452830188685e-05
0.0 0.000803369211514393 0.0006766709905660378 1.3963704630788484e-05 5.767334905660377e-05
0.0 0.0005857108886107635 0.0008205837264150945 4.492866082603254e-05 1.239740566037736e-05
0.0 0.00046731914893617026 0.0008397181603773585 6.43566958698373e-05 1.4014150943396228e-05
0.0 0.00028183854818523155 0.0006882594339622642 1.5178973717146433e-05 4.2042452830188685e-05
0.0 0.00028001752190237795 0.000560247641509434 1.3963704630788484e-05 3.826886792452831e-05
0.0 0.0006694956195244055 0.0008208537735849057 4.8570713391739675e-05 1.4014150943396228e-05
