0.0 0.656963 0.248307 0.011416000000000003 0.045055
0.0 0.6575340000000001 0.326266 0.012557000000000002 0.031893
0.0 0.6581050000000002 0.44168700000000005 0.011416000000000003 0.033918
0.0 0.65782 0.53939 0.011986000000000002 0.04910400000000001
0.0 0.24115300000000003 0.36195600000000006 0.010845 0.045561000000000004
0.0 0.23972600000000002 0.44953400000000004 0.009132 0.030374
0.0 0.24029700000000004 0.5447050000000001 0.011416000000000003 0.031386000000000004
0.0 0.39012600000000003 0.6646820000000001 0.051941 0.011137000000000001
0.0 0.492865 0.649242 0.034817 0.010631
0.0 0.5499430000000001 0.6484830000000001 0.035959000000000005 0.011137000000000001
0.0 0.607877 0.12833 0.03653 0.011643000000000002
