0.0 0.00026415726495726495 0.00016241337630942788 2.2246153846153848e-05 2.5852538275584207e-05
0.0 0.0001941122507122507 0.00015940692989524575 2.284729344729345e-05 2.2244963738920223e-05
0.0 0.00012226324786324786 0.00015670185334407734 2.344843304843305e-05 2.4049153908138597e-05
0.0 5.2218233618233625e-05 0.0001386647864625302 2.284729344729345e-05 2.4049153908138597e-05
0.0 5.402165242165243e-05 0.0005336663980660757 2.284729344729345e-05 2.525141015310233e-05
0.0 0.00012196296296296297 0.0005345680902497984 2.284729344729345e-05 2.705479452054794e-05
0.0 0.00019441253561253564 0.0005336663980660757 2.344843304843305e-05 2.6453666398066072e-05
0.0 0.00026400683760683763 0.0005336663980660757 2.314814814814815e-05 2.525141015310233e-05
0.0 0.0003478809116809117 0.000533365028203062 2.314814814814815e-05 2.4650282030620466e-05
0.0 0.0003880136752136752 0.0005658315874294922 1.2025071225071227e-05 4.749637389202256e-05
