0.0 0.116304 0.300336 0.008696 0.023885
0.0 0.24212000000000003 0.162624 0.026630000000000004 0.011196
0.0 0.103261 0.580985 0.006522 0.040306
0.0 0.08858700000000001 0.647789 0.006522 0.032096
0.0 0.275543 0.757884 0.036957 0.011943
0.0 0.36114100000000005 0.7560179999999999 0.03641300000000001 0.011196
0.0 0.504891 0.7545249999999999 0.05760900000000001 0.009703
0.0 0.6717390000000001 0.755645 0.028261 0.01045
0.0 0.819837 0.754898 0.053804 0.011943
0.0 0.8309780000000002 0.238384 0.007609 0.062698
0.0 0.844565 0.36863199999999996 0.009783 0.036574
0.0 0.6794590000000001 0.16966600000000004 0.024123 0.011043
