0.0 0.6853260000000001 0.153964 0.027174000000000004 0.012678
0.0 0.832065 0.24681200000000003 0.005435000000000001 0.068611
0.0 0.8497280000000001 0.351592 0.007065 0.035051
0.0 0.8323370000000001 0.740137 0.05489100000000001 0.012678
0.0 0.675815 0.7412560000000001 0.028804000000000003 0.013424
0.0 0.511413 0.7390190000000001 0.056522 0.008949000000000002
0.0 0.36657600000000007 0.7412560000000001 0.034239 0.013424
0.0 0.3 0.739764 0.053261 0.011932
0.0 0.09320700000000001 0.635357 0.007065 0.025356
0.0 0.11059800000000002 0.566 0.008152 0.037288
0.0 0.12201100000000001 0.2841 0.007065 0.025356
0.0 0.24837000000000004 0.146506 0.030435 0.009695
