0.0 0.00033280749999999997 0.00021899744245524295 8.019375000000001e-06 5.775788576300085e-06
0.0 0.00037840187499999997 0.00027025660699062234 2.7162500000000005e-06 9.144927536231885e-06
0.0 0.00038247625000000006 0.0003106871270247229 2.845625e-06 1.3476555839727196e-05
0.0 0.000356865625 0.0004171773231031543 1.578e-05 5.0537084398976984e-06
0.0 0.00038092374999999996 0.0004176589940323956 9.571875e-06 3.6095481670929244e-06
0.0 0.0003288625 0.0004172975277067349 8.148749999999999e-06 3.850809889173061e-06
0.0 0.00029361562500000005 0.0004172975277067349 2.7421250000000004e-05 4.813299232736573e-06
0.0 0.00026309 0.00041705711849957373 1.008875e-05 2.887468030690537e-06
0.0 0.00024498125 0.0004172975277067349 1.6038750000000003e-05 3.850809889173061e-06
0.0 0.00021516687499999998 0.0004171773231031543 1.5909375e-05 5.0537084398976984e-06
0.0 0.000177633125 0.00041728218243819264 2.7532500000000004e-05 2.990622335890878e-06
0.0 0.00015315375000000001 0.00037480221653878943 3.334375e-06 9.971014492753623e-06
0.0 0.00015773875000000003 0.00034599658994032397 2.2625e-06 1.3959931798806479e-05
0.0 0.00016154937500000003 0.0002396385336743393 2.739375e-06 8.198635976129583e-06
0.0 0.000200493125 0.00019000426257459506 7.264375e-06 3.767263427109975e-06
0.0 0.0002294325 0.00019044757033248084 2.13175e-05 4.653026427962489e-06
