0.0 0.10567600000000002 0.274867 0.010953000000000001 0.080645
0.0 0.074185 0.6467279999999999 0.008215 0.020908
0.0 0.277371 0.750147 0.041075 0.012694
0.0 0.387453 0.752761 0.030122 0.013441
0.0 0.47781899999999994 0.7512680000000002 0.030122 0.011947
0.0 0.704829 0.7486539999999999 0.026288 0.009706999999999999
0.0 0.8792630000000001 0.752014 0.058601 0.011947
0.0 0.921434 0.644862 0.010406 0.032108
0.0 0.8981579999999999 0.395087 0.006572 0.034349
0.0 0.8283290000000001 0.168088 0.077222 0.010454
0.0 0.748917 0.169581 0.026836 0.013441
0.0 0.387727 0.362979 0.006572 0.029868
0.0 0.3294 0.162861 0.026836 0.013441
