0.0 0.0006401770573566085 0.00021863310185185185 7.824438902743144e-05 1.0068287037037037e-05
0.0 0.0007389987531172071 0.0003276400462962963 1.1685785536159602e-05 7.135763888888888e-05
0.0 0.0007400149625935163 0.00043029745370370373 1.1685785536159602e-05 2.9768518518518517e-05
0.0 0.000739506234413965 0.0004957453703703704 1.1685785536159602e-05 7.135763888888888e-05
0.0 0.0002197431421446384 0.0004974965277777778 1.3718204488778054e-05 6.873032407407407e-05
0.0 0.0007550024937655862 0.0006682291666666666 1.3209476309226934e-05 0.00013965046296296295
0.0 0.0006549114713216957 0.0008227638888888888 0.00013006733167082295 1.1819444444444445e-05
0.0 0.00032999625935162095 0.0006931817129629629 7.976807980049877e-05 1.0068287037037037e-05
0.0 0.0004097643391521197 0.0006944953703703703 7.875187032418954e-05 1.1819444444444445e-05
0.0 0.00021949002493765586 0.0006167905092592593 1.1178304239401498e-05 9.631018518518517e-05
0.0 0.0004905486284289276 0.00021819560185185185 3.607356608478803e-05 1.0944444444444445e-05
