0.0 0.0005276607929515419 6.405235602094241e-05 4.8643171806167405e-05 1.218324607329843e-05
0.0 0.0006216813509544786 6.368376963350786e-05 9.147870778267254e-05 1.1445026178010471e-05
0.0 0.0007785022026431717 6.368376963350786e-05 6.969750367107195e-05 1.2921465968586387e-05
0.0 0.0002666563876651982 9.174136125654451e-05 2.3232011747430252e-05 4.614764397905759e-05
0.0 0.0003457929515418502 0.0002558408376963351 2.4684287812041113e-05 4.356335078534032e-05
0.0 0.000986143906020558 0.0001764670157068063 2.0328928046989723e-05 2.2889005235602097e-05
0.0 0.0009846916299559472 0.00021726178010471206 2.0328928046989723e-05 2.32586387434555e-05
0.0 0.0009850543318649047 0.0002925738219895288 1.9602055800293683e-05 2.3996858638743455e-05
0.0 0.0003457929515418502 0.0005116816753926702 2.4684287812041113e-05 2.4365445026178013e-05
0.0 0.0009857812041116007 0.0005515528795811519 2.3958883994126285e-05 2.4365445026178013e-05
0.0 0.0009865066079295154 0.0005975162303664922 2.105433186490455e-05 2.32586387434555e-05
0.0 0.000986143906020558 0.0006370178010471205 2.0328928046989723e-05 2.8427225130890053e-05
0.0 0.0009857812041116007 0.0007180523560209424 2.105433186490455e-05 2.8795811518324607e-05
0.0 0.0004325521292217327 0.0008546492146596859 8.349192364170338e-05 1.0337172774869111e-05
0.0 0.0007806798825256974 0.0008851057591623037 0.00012923201174743024 1.218324607329843e-05
