0.0 0.359337 0.06117 0.033126 0.011635
0.0 0.423365 0.060818000000000004 0.06229699999999999 0.01093
0.0 0.53016 0.060818000000000004 0.04746399999999999 0.01234
0.0 0.181593 0.087613 0.015821 0.044071
0.0 0.235485 0.24432800000000002 0.01681 0.04160300000000001
0.0 0.671564 0.168526 0.013844 0.021859
0.0 0.670575 0.207485 0.013844 0.022212000000000003
0.0 0.670822 0.279408 0.013349 0.022917
0.0 0.235485 0.48865600000000003 0.01681 0.023269
0.0 0.671317 0.526733 0.016316 0.023269
0.0 0.671811 0.570628 0.014337999999999998 0.022212000000000003
0.0 0.671564 0.6083520000000001 0.013844 0.027148
0.0 0.671317 0.6857400000000001 0.014337999999999998 0.027500000000000004
0.0 0.294568 0.8161900000000001 0.056858 0.009872000000000002
0.0 0.531643 0.8452760000000001 0.08800699999999999 0.011635
