0.0 0.549667 0.112789 0.032448 0.017994
0.0 0.657177 0.112789 0.06576099999999999 0.022145999999999996
0.0 0.409708 0.704505 0.08739299999999998 0.019378
0.0 0.6152119999999999 0.765407 0.044129 0.017994
0.0 0.698711 0.764715 0.084797 0.020762
0.0 0.8607340000000001 0.414876 0.013411999999999999 0.140489
0.0 0.187765 0.40241899999999997 0.008653 0.04498400000000001
0.0 0.212642 0.36193299999999995 0.038505 0.015225000000000002
0.0 0.25504 0.361587 0.038505 0.014533
0.0 0.035476 0.527683 0.011248999999999999 0.031143000000000004
0.0 0.16159 0.60381 0.041965999999999996 0.021454
0.0 0.232543 0.603118 0.063598 0.021454
0.0 0.519382 0.704505 0.086095 0.022145999999999996
