0.0 0.15759699999999996 0.15106 0.019138 0.017494
0.0 0.24742999999999998 0.151997 0.019138 0.019368
0.0 0.316367 0.108887 0.042182 0.019368
0.0 0.079873 0.150747 0.03398 0.019368
0.0 0.034957 0.398473 0.008983 0.031238999999999996
0.0 0.035347 0.48594199999999993 0.010546 0.028739999999999998
0.0 0.19470199999999996 0.5990279999999999 0.106627 0.022492000000000005
0.0 0.4095190000000001 0.700555 0.084755 0.021867000000000004
0.0 0.518685 0.701492 0.085146 0.019993
0.0 0.6151569999999998 0.760221 0.041401 0.019993
0.0 0.6991309999999998 0.759909 0.084364 0.019368
0.0 0.861025 0.4100309999999999 0.009764 0.136827
0.0 0.6573399999999999 0.108262 0.063273 0.020618
0.0 0.550127 0.108887 0.030074 0.019368
