0.0 2.426039886039886e-05 0.00028806768734891214 1.6233618233618235e-05 3.066236905721193e-05
0.0 2.3959544159544165e-05 0.00040470427074939554 1.5031339031339031e-05 2.705479452054794e-05
0.0 9.355384615384616e-05 0.00040530539887187743 1.4730484330484331e-05 2.8257050765511685e-05
0.0 9.625925925925927e-05 0.0002886696212731668 1.3528205128205127e-05 2.705479452054794e-05
0.0 0.00014916923076923079 0.0002886696212731668 1.3528205128205127e-05 2.8257050765511685e-05
0.0 0.00016735669515669516 0.00028716599516518933 1.5031339031339031e-05 2.885817888799355e-05
0.0 0.00014886837606837606 0.00040470427074939554 1.5331623931623932e-05 2.8257050765511685e-05
0.0 0.0002462700854700855 0.0002877671232876712 1.412934472934473e-05 2.7655922643029806e-05
0.0 0.00035419373219373223 0.0003328589846897663 1.4730484330484331e-05 3.246575342465753e-05
0.0 0.00032112535612535616 0.00030760757453666396 1.2927065527065528e-05 2.4049153908138597e-05
0.0 0.000402594301994302 0.0005027034649476229 2.1344159544159545e-05 4.509105560032232e-05
0.0 0.0004914279202279202 0.000539979049153908 1.5632478632478634e-05 3.426913779210315e-05
0.0 0.0004923299145299146 0.0005739476228847703 1.7435897435897438e-05 3.607332796132152e-05
