0.0 0.24293500000000004 0.275704 0.029348000000000003 0.041799
0.0 0.24456500000000006 0.32683300000000004 0.032609 0.044038
0.0 0.302717 0.325714 0.03152200000000001 0.044784
0.0 0.33587000000000006 0.42647899999999994 0.029348000000000003 0.041799
0.0 0.23288000000000003 0.5821050000000001 0.030978 0.044038
0.0 0.191033 0.584717 0.027717000000000002 0.038813
0.0 0.43478300000000003 0.513809 0.040217 0.052249000000000004
0.0 0.515489 0.5130619999999999 0.039674 0.052249000000000004
0.0 0.455978 0.738477 0.030435 0.041799
0.0 0.617935 0.626516 0.032609 0.043292
0.0 0.647554 0.6705539999999999 0.026630000000000004 0.040306
0.0 0.7456520000000001 0.735865 0.032609 0.044038
0.0 0.7703800000000001 0.367886 0.027717000000000002 0.042545
0.0 0.741033 0.324967 0.030978 0.046277
0.0 0.681522 0.327207 0.03152200000000001 0.041799
0.0 0.680978 0.280183 0.028261 0.040306
