0.0 0.247554 0.260609 0.028804000000000003 0.041017
0.0 0.249728 0.311694 0.030978 0.043255
0.0 0.308424 0.310202 0.032065 0.044746
0.0 0.341848 0.412745 0.027174000000000004 0.039526
0.0 0.197011 0.571594 0.027717000000000002 0.038034
0.0 0.238043 0.5674919999999999 0.029348000000000003 0.04176300000000001
0.0 0.4402170000000001 0.49664400000000003 0.040217 0.050712
0.0 0.521196 0.49701699999999993 0.03913 0.048475
0.0 0.461685 0.721493 0.030978 0.041017
0.0 0.623098 0.6111190000000001 0.032065 0.045492000000000005
0.0 0.6546200000000001 0.6554930000000001 0.027717000000000002 0.03878
0.0 0.752717 0.720747 0.033696 0.046983
0.0 0.776359 0.35121900000000006 0.030978 0.04176300000000001
0.0 0.745924 0.310575 0.028804000000000003 0.045492000000000005
0.0 0.687772 0.312067 0.033152 0.044
0.0 0.686413 0.263592 0.030435 0.042509000000000005
