0.0 0.319229 0.266333 0.014370000000000003 0.019913000000000004
0.0 0.320141 0.292469 0.015283000000000001 0.019913000000000004
0.0 0.294936 0.40712300000000007 0.013686 0.01649
0.0 0.31489500000000004 0.40587800000000007 0.014826999999999998 0.022091
0.0 0.348996 0.292157 0.015967 0.021157000000000002
0.0 0.3647349999999999 0.33151600000000003 0.012774000000000002 0.020224
0.0 0.411724 0.372431 0.019617000000000002 0.024269000000000002
0.0 0.45072999999999996 0.373986 0.018248 0.023024
0.0 0.41628600000000004 0.47868400000000005 0.013686 0.020846
0.0 0.49988600000000005 0.427191 0.016195000000000005 0.020535000000000005
0.0 0.515283 0.44850400000000007 0.014141999999999998 0.018979
0.0 0.604813 0.47837300000000005 0.013458000000000001 0.019602
0.0 0.576756 0.348473 0.012545999999999998 0.018046
0.0 0.561702 0.32824900000000007 0.016195000000000005 0.021157000000000002
0.0 0.532048 0.301492 0.014370000000000003 0.019290000000000005
0.0 0.533189 0.327472 0.015283000000000001 0.020846
