0.0 0.30365999999999993 0.250973 0.037789 0.041816
0.0 0.24122499999999997 0.32191000000000003 0.03669399999999999 0.043309
0.0 0.36363 0.36596599999999996 0.030669999999999996 0.043309
0.0 0.394847 0.180035 0.028478999999999997 0.034349
0.0 0.555863 0.470132 0.04271799999999999 0.060482999999999995
0.0 0.297087 0.575044 0.034503 0.044803
0.0 0.361439 0.574671 0.037242 0.03808199999999999
0.0 0.47645 0.68033 0.030669999999999996 0.044803
0.0 0.719343 0.275987 0.027931 0.042562
0.0 0.721533 0.323403 0.031217 0.044803
0.0 0.781503 0.374553 0.031765 0.04853600000000001
0.0 0.825865 0.36596599999999996 0.031765 0.046296
0.0 0.791088 0.727746 0.031217 0.04554899999999999
