0.0 0.305606 0.16315 0.03655 0.02888
0.0 0.363297 0.135548 0.0344 0.02428
0.0 0.411672 0.133759 0.041566 0.029391
0.0 0.610007 0.18270199999999998 0.034041 0.023512999999999996
0.0 0.515408 0.21388199999999996 0.039775 0.028112999999999992
0.0 0.456105 0.27700899999999995 0.0215 0.015846
0.0 0.47778400000000004 0.27713699999999997 0.021857999999999995 0.016612
0.0 0.252214 0.287616 0.053033 0.036547
0.0 0.641899 0.126602 0.038341 0.028368999999999995
0.0 0.259739 0.547154 0.065933 0.046515
0.0 0.34968 0.517635 0.0258 0.022235
0.0 0.376018 0.5180179999999999 0.027590999999999997 0.023002
0.0 0.607141 0.6400559999999998 0.036190999999999994 0.026323999999999997
0.0 0.499463 0.67047 0.041566 0.030925
0.0 0.6049909999999998 0.6993499999999999 0.037625 0.026323999999999997
