0.0 0.309856 0.161556 0.03933299999999999 0.030229
0.0 0.3697289999999999 0.134131 0.037585 0.025243000000000005
0.0 0.416929 0.13179400000000002 0.041955 0.028671000000000002
0.0 0.646589 0.12431400000000001 0.040644 0.029918
0.0 0.616653 0.18103300000000003 0.035837 0.023062000000000003
0.0 0.5205059999999999 0.213288 0.037585 0.030229
0.0 0.46238 0.275617 0.020978 0.016517
0.0 0.48335800000000007 0.27624 0.021852 0.019634000000000002
0.0 0.256319 0.28668000000000005 0.052881 0.038644
0.0 0.353122 0.516829 0.027096 0.023373000000000005
0.0 0.3806550000000001 0.516517 0.028843999999999998 0.023997000000000004
0.0 0.263312 0.5483050000000002 0.064244 0.046435000000000004
0.0 0.612938 0.6410180000000001 0.038022 0.028048
0.0 0.504991 0.671092 0.041518 0.030853000000000002
0.0 0.611627 0.699296 0.03976999999999999 0.028048
0.0 0.691604 0.732641 0.038896 0.03241100000000001
