0.0 0.30732 0.162248 0.03811300000000001 0.030868
0.0 0.37137000000000003 0.135144 0.037054 0.02334
0.0 0.516145 0.162624 0.040759000000000004 0.031620999999999996
0.0 0.456859 0.276122 0.020644000000000003 0.01694
0.0 0.478562 0.2763109999999999 0.021703000000000004 0.018068999999999998
0.0 0.524879 0.3254369999999999 0.04023 0.029738999999999998
0.0 0.611426 0.303791 0.037583 0.02334
0.0 0.253592 0.28703899999999993 0.054522 0.039527
0.0 0.42509800000000003 0.4101369999999999 0.033349 0.028232999999999998
0.0 0.465857 0.44175799999999993 0.044994 0.032751
0.0 0.642658 0.125544 0.040759000000000004 0.028986
