0.0 0.0004564897058823529 0.0001694185803757829 5.611176470588236e-05 3.1510438413361165e-05
0.0 0.0005532235294117648 0.000141884133611691 5.0851470588235295e-05 2.41482254697286e-05
0.0 0.0007665647058823529 0.0001704498956158664 5.669558823529411e-05 3.4160751565762e-05
0.0 0.0009527264705882354 0.00013157724425887264 5.961911764705883e-05 3.12160751565762e-05
0.0 0.0006794749999999999 0.00028839144050104383 3.0977941176470586e-05 1.6197286012526096e-05
0.0 0.0007116220588235295 0.0002891283924843424 3.331617647058824e-05 1.6491649269311067e-05
0.0 0.000780885294117647 0.0003399269311064718 5.961911764705883e-05 2.9743215031315236e-05
0.0 0.000907720588235294 0.00031798747390396657 4.909705882352941e-05 2.296972860125261e-05
0.0 0.00037933676470588236 0.0002995824634655532 8.066029411764707e-05 3.975574112734865e-05
0.0 0.0006315470588235294 0.00042959916492693107 4.734411764705883e-05 2.7092901878914402e-05
0.0 0.0006940867647058823 0.0004611085594989562 6.721617647058823e-05 3.3572025052192074e-05
