0.0 0.05193099999999999 0.319313 0.037495 0.063728
0.0 0.072553 0.380417 0.03655799999999999 0.052481999999999994
0.0 0.106768 0.321562 0.03655799999999999 0.06222799999999999
0.0 0.21644199999999997 0.32831 0.04124499999999999 0.060729
0.0 0.073022 0.5044980000000001 0.03655799999999999 0.05623
0.0 0.302447 0.6814359999999999 0.027653 0.045734
0.0 0.33033399999999996 0.681811 0.029058999999999995 0.047983
0.0 0.552259 0.211726 0.035152 0.053981
0.0 0.6382639999999999 0.309567 0.03937 0.060729
0.0 0.669198 0.510871 0.03937 0.061478
0.0 0.625844 0.608337 0.036089 0.05698000000000001
0.0 0.8177729999999999 0.446394 0.035621 0.05997899999999999
