0.0 0.47949200000000003 0.136361 0.03024 0.02113
0.0 0.5133820000000001 0.13599299999999998 0.031283 0.021376
0.0 0.6873500000000001 0.136238 0.029545000000000005 0.021867000000000004
0.0 0.564999 0.504782 0.031631000000000006 0.023341
0.0 0.596108 0.504291 0.029197 0.022357999999999996
0.0 0.45272800000000013 0.503063 0.028849999999999997 0.020883999999999996
0.0 0.29388000000000003 0.45232600000000006 0.029545000000000005 0.020637999999999997
0.0 0.28258400000000006 0.528124 0.027807 0.020393
0.0 0.28275800000000006 0.551342 0.026764000000000003 0.019656
0.0 0.28258400000000006 0.573332 0.026417000000000003 0.017936
0.0 0.339762 0.579351 0.028849999999999997 0.01769
0.0 0.36391900000000005 0.6337729999999999 0.030588000000000004 0.01941
0.0 0.39137900000000003 0.675787 0.026417000000000003 0.017936
0.0 0.555962 0.526649 0.021898000000000004 0.014987
0.0 0.556483 0.5412679999999999 0.022941000000000003 0.014249999999999999
0.0 0.6527650000000002 0.638441 0.031283 0.022357999999999996
0.0 0.6835260000000001 0.594462 0.028849999999999997 0.021376
0.0 0.6831790000000001 0.57112 0.028849999999999997 0.021376
0.0 0.2843220000000001 0.708219 0.026417000000000003 0.019901
0.0 0.34445400000000004 0.708464 0.029197 0.020393
